

0
0
99,124

0
0
102,115,128,129
5;24;25;70
0
0
107,115,134

0
0
111,115,114,138,139

0
0


0
0
98,0

0
0
101,2,88

0
0
98

0
0
101

0
0
106
88,1;88,0;10,1;10,0;88,22;88,23;10,22;10,23
0
0
112,111,113,72

0
0


0
0
104,115

0
2
103,7

15
0
106,10

0
0
109,86

0
32
36,80

0
32

0;89;1;22;23;10
0
0
------------------------
101,26
2;168
0
12
101,14
2;12,168;13,168;15,168;16,168;17,168
0
48
110
5,163,84,6;24,163,84,6;25,163,84,6;1,2,4;22,2,4;23,2,4
0
0
115

0
0
115

0
0
34

0
62
101,26,88

0
0


0
0
106,10,88,115,2

0
3
-----------------------
18

0
0
28

0
0
29

0
0
101,0,30

0
0
106,88,31

0
0


3
1
80
33;0
3
2
34

12
8
34

16
16
--------------------
81

0
21


0
15
83

0
10

0,29;0,30;0,31;0,32;0,34;0,36;33,29;33,30;33,31;33,32;33,34;33,36
0
42
69

0
5
69

0
20
---------------------
73

0
0
0

0
16
115

0
21
115
5;24;25
0
16


0
31
68

0
0

0,93;88,94;89,95
0
0
26

0
0
115

0
21
8

0
0
100

0
0
76,100,103,108,113

0
0
106,10

0
0
106,8
12;13;14;15;16;17
0
0
108

0
0
106

0
0


0
16
110

0
0
88

0
21


0
0


0
0
98,0

0
0
103,89

0
0
105,115,10,86

0
0
109,86

0
0
-------------------
36

0
32
27

0
32
34

0
2
109,9
12;13;14;15;16;17
0
0
0

0
0
34

0
16


0
10
74

0
16
101,88

0
0
100,162

0
0
91,115

0
8
0,88,89,78

0
10


0
21
110,35

0
32
100
89,164;10,164
0
0


0
42
110,92

0
0
91

0
21
109,93,115

0
0
112,140,141,10
5;24;25;1,4;22,4;23,4
0
0
101,9

0
0
105

0
0
--------------------
98,0

0
0
104

0
1
109,86

0
2
98,0,6

0
0
101,88

0
0
106,10,169

0
0
110,115,2,21,7

0
0


0
0
---------------------

12;13;14;15;16;17;1,0;22,0;23,0;89
0
0
0,93,98

0
0
99,115,121,122,123,124

0
0
115
5;24;25;2;70
0
0
101,94,88

0
0
102,115,2,125,126,127,128,129,130

0
0
88,7

0
0
91

0
0
105,89

0
0
106,95

0
0
107,115,3,2,131,132,133,134

0
0
91

0
0
109,10,85

0
0
110,0,88,89,10,96,21

0
0
111,115,4,114

0
0
112,115,10,135,136,137,138,139,140,141

0
0

5;24;25;70
0
0

1;22;23
0
0
99,0,115

0
0
102,88,114,115,2

0
0
107,89,10,115,3,2

0
0
111,88,89,96,21,114,115,0

0
0
112,114,115,4,0,88,89,96,10

0
0
-----------------wf
99
0;10
0
0
99,124

0
0
99,115,0

0
0
99
0;10
0
0
----------------sh
102
88;89,10
0
0
102,128

0
0
102,88,129,130

0
0
102
88;89,10
0
0
102,128,114

0
0
102,115,2
88;89
0
0
----------------gbt
107,89,10

0
0
107,89

0
0
107,115,3,89

0
0
107,89

0
0
---------------stt
111,88,89,114,96
21;1,4;22,4;23,4
0
0
111,4,115

0
0
112,4,115,0
96,10;5;24;25;70
0
0
111,88,89,114,96
21;1,4;22,4;23,4
0
0
111
138;1,89,4;22,89,4;23,89,4
0
0
112,115,4

0
0
112,96,0,115,4
10;5;24;25
0
0
-------------------shops


0
0


0
0


0
0


0
0


0
0


0
0


0
0


0
0
--witch


0
0


0
0


0
0
--bomb shop


0
0


0
0
--goron shop
101

0
0
101

0
0
101

0
0
--zora shop
106

0
0
106

0
0
106

0
0
---bottles

12;13;14;15;16;17
0
0
100,169,164,163
12;13;14;15;16;17
0
0

12;13;14;15;16;17
0
0

12;13;14;15;16;17
0
0
112,115,4,0,140,141
12;13;14;15;16;17
0
0
109,169,164,163
12,6,5;13,6,5;14,6,5;15,6,5;16,6,5;17,6,5;12,6,24;13,6,24;14,6,24;15,6,24;16,6,24;17,6,24;12,6,25;13,6,25;14,6,25;15,6,25;16,6,25;17,6,25;12,86;13,86;14,86;15,86;16,86;17,86
0
0

12;13;14;15;16;17
0
0
101
12,88;13,88;14,88;15,88;16,88;17,88;12,1,2;13,1,2;14,1,2;15,1,2;16,1,2;17,1,2;12,22,2;13,22,2;14,22,2;15,22,2;16,22,2;17,22,2;12,23,2;13,23,2;14,23,2;15,23,2;16,23,2;17,23,2
0
0
106,163
12;13;14;15;16;17
0
0
77
12;13;14;15;16;17
0
0
-everything else
-lens cave
101

0
0
101,114

0
0
-bean grotto
98,0,10

0
0
-hsw grotto
101,114
2;168
0
0
-bad bats
91,86

0
2
-ikana grotto
110

0
0
-pf main
106

0
0
106,10

0
0
-pf interior
106,10

0
0
106,10

0
0
106,88

0
0
106,88

0
0
106,88

0
0
-pr
106

0
0
106

0
0
-bomber hideout
114

0
0
-termina field


0
0


0
0
89

0
0


0
0
0

0
0
-great bay
105

0
0
105,10,0

0
0
105,10

0
0
105
5;24;25;70;88
0
0
105,89

0
0
-pf exterior
106

0
0
106

0
0
106

0
0
-pts grotto


0
0
-dog race rupee


0
16
-graveyard grotto
109,114

0
0
-swamp grotto
98

0
0
-woodfall
98,0

0
0
98,0

0
0
-well
110,84,167,164

0
0
110,84,163,164,6

0
0
-mv spring
103

0
0
103,88

0
0
-pti
10

0
0
109,88

0
0
-ist
111,115,4,6,167

0
0
111,115,4,6,167

0
0
111,115,4,6,167

0
0
-tosnowhead
101,114,88

0
0
-ti
103,89

0
0
-secretshrine
110,115,4

0
0
110,115,4

0
0
110,115,4

0
0
110,115,4,114

0
0
110,115,4

0
0
-inn


0
32
33

0
0
-woods grotto


0
12
-ect


0
0
-sct
10

0
0

10;0,28
0
32
-bank hp


0
0
-sct hp


0
0
-nct hp


0
0
-to swamp hp
115

0
0
-swamp scrub
29,0

0
0
-dp hp
98,0

0
0
-gv scrub
101,0,30

0
0
-bio baba grotto
89
5;24;25;70;88
0
0
-fish hp
105,163

0
0
-likelike hp
106

0
0
-pf hp
106,88

0
0
-zh scrub
106,88,31,0

0
0
-pts hp
101,88,10

0
0
-gb coast hp
106,10,6,167

0
0
-ikana scrub
110,89,32,0

0
0
-castle hp
110,21,115,0,2
88;89
0
0
-hcs
99,115,0,121,122,123,124

0
0
102,115,2,88,114,125,126,127,128,129,130

0
0
107,89,115,2,3,114,10,131,132,133,134

0
0
112,0,10,114,115,4,135,136,137,138,139,140,141

0
0
-tingle

1;22;23;0;10
0
0

1;22;23;0;10
0
0
101
1;22;23;0;10
0
0

1;22;23;0;10
0
0
105
1;22;23;10
0
0
110
1;22;23;10
0
0
101,114,88

0
0